139,2
0,544
0,543
166,52
166,51
166,50
166,49
166,48
166,47
166,46
166,45
166,44
166,43
166,42
166,41
166,40
166,39
166,38
166,37
166,36
166,35
0,270
3,2
3,1
3,3
10,227
10,145
10,33
10,169
10,7
10,171
10,11
10,2
10,3
9,7
9,1
9,5
8,12
8,5
8,8
8,14
8,4
2,2
2,1
2,3
143,4
143,3
143,1
141,3
141,1
140,3
140,1
139,5
139,4
139,3
139,1
136,5
136,4
136,3
136,1
134,3
134,1
133,3
133,1
132,5
132,4
132,3
132,2
132,1
130,3
130,1
20,3
20,2
20,1
19,3
19,2
19,1
18,3
18,1
14,3
14,1
13,3
13,1
12,3
12,2
12,1
11,29
11,28
11,27
11,26
11,25
11,24
11,23
11,22
11,21
11,20
11,19
11,18
11,17
11,16
11,15
11,14
11,13
11,12
11,11
11,10
11,9
11,8
11,7
11,6
11,5
11,4
11,3
11,2
11,1
11,0
10,312
10,310
10,298
10,297
10,296
